00101000
01010000
00000000
00000000
00001010
01010000
00000000
00000000
10100000
00010100
00000000
00000000
10101010
00000000
00000000
00000000
10100000
01000000
10100000
00000000
00101000
01000100
00000000
00000000
00100000
01010000
10001000
00000000
10000000
01010000
10000000
00000000
10101010
01000100
00000000
00000000
10001000
01010000
10001000
00000000
00001000
00010000
00001010
01010001
00101000
01000100
00101000
00000000
10100000
01010000
00000000
00000000
10000000
01010000
00001000
00000000
10000000
01000000
10000000
01000000
10000000
01000000
00100000
00010000
00001000
01010100
00100000
00000000
10100000
00010000
00100000
00000000
10101000
00010000
00100000
00000000
00001000
01010000
00001000
00000000
00100000
01010000
00001000
00010100
00001000
01010000
00001010
00010000
10001010
01010000
00001000
00010000
00101000
01000100
00101000
00000000
00100000
01010000
00100000
00000000
00100000
01000000
00100000
01000000
00001000
01010000
10000000
00000000
00001000
00010000
00100000
01000000
00100000
01010100
00001000
00000000
00100000
00010000
10100000
00000000
00100000
00010000
10101000
00000000
10000000
01010000
10000000
00000000
00101000
00010000
10100000
01000000
00100000
00010100
10100000
00010000
00001000
00010000
00001010
01010001
00101000
01000100
00101000
00000000
00101000
01010000
00000000
00000000
00001010
01010000
00000000
00000000
10100000
00010100
00000000
00000000
10101010
00000000
00000000
00000000
10100000
01000000
10100000
00000000
10001000
01010000
00000000
00000000
00100000
01010000
10001000
00000000
00001000
01010000
00001000
00000000
00100010
01010101
00000000
00000000
10001000
01010000
10001000
00000000
10001010
01010000
00100000
01000000
00101000
01000100
00101000
00000000
10100000
01010000
00000000
00000000
10000000
01010000
00001000
00000000
10000000
01000000
10000000
01000000
10000000
01000000
00100000
00010000
00001000
01010100
00100000
00000000
00100000
01000000
00101000
00000000
10101000
00010000
00100000
00000000
10000000
01010000
10000000
00000000
10100000
01000000
00101000
00010000
00001000
01010000
00001010
00010000
00100000
00010000
00101000
01000101
00101000
01000100
00101000
00000000
00100000
01010000
00100000
00000000
00100000
01000000
00100000
01000000
00001000
01010000
10000000
00000000
00001000
00010000
00100000
01000000
00100000
01010100
00001000
00000000
00101000
01000000
00100000
00000000
00100000
00010000
10101000
00000000
00001000
01010000
00001000
00000000
00001000
00010100
00100000
01010000
00100000
00010100
10100000
00010000
10001010
01010000
00001000
00010000
00101000
01000100
00101000
00000000